📊 Machine Learning Classification Results
==================================================
✅ Test set accuracy: 0.8559

🔹 Classification Report:
               precision    recall  f1-score   support

     Neuron 0       0.74      0.70      0.72        20
     Neuron 1       0.93      0.74      0.82        19
    Neuron 10       1.00      1.00      1.00        12
   Neuron 100       0.64      0.60      0.62        48
   Neuron 101       0.94      0.95      0.94       520
   Neuron 102       0.80      0.75      0.77        64
   Neuron 103       0.80      0.62      0.70        32
   Neuron 104       1.00      0.50      0.67         4
   Neuron 105       0.95      0.86      0.90        21
   Neuron 106       1.00      0.93      0.96        14
   Neuron 107       0.67      0.64      0.65        22
   Neuron 108       0.95      0.97      0.96       360
   Neuron 109       0.89      0.68      0.77        25
    Neuron 11       0.96      1.00      0.98        22
   Neuron 110       1.00      1.00      1.00        30
   Neuron 111       0.98      0.99      0.98       124
   Neuron 112       0.93      0.82      0.88        17
   Neuron 113       0.96      0.96      0.96        56
   Neuron 114       0.88      0.91      0.89        46
   Neuron 115       0.92      0.55      0.69        22
   Neuron 116       0.92      0.97      0.94       151
   Neuron 117       1.00      0.78      0.88        23
    Neuron 12       1.00      0.75      0.86         8
    Neuron 13       1.00      1.00      1.00        10
    Neuron 14       0.93      0.97      0.95        70
    Neuron 15       0.92      0.90      0.91        39
    Neuron 16       0.85      0.89      0.87        37
    Neuron 17       0.57      0.57      0.57         7
    Neuron 18       0.85      0.91      0.88        45
    Neuron 19       0.84      0.86      0.85        93
     Neuron 2       0.65      0.67      0.66        49
    Neuron 20       0.85      0.80      0.82       102
    Neuron 21       0.70      0.72      0.71        79
    Neuron 22       0.82      0.82      0.82        17
    Neuron 23       0.91      0.81      0.86        26
    Neuron 24       0.78      0.95      0.86        22
    Neuron 25       0.86      0.82      0.84        62
    Neuron 26       0.87      0.93      0.90        58
    Neuron 27       0.84      0.84      0.84        19
    Neuron 28       0.91      0.87      0.89        78
    Neuron 29       0.88      0.80      0.84       128
     Neuron 3       0.89      0.90      0.90       308
    Neuron 30       0.82      0.82      0.82        45
    Neuron 31       0.80      0.89      0.84        18
    Neuron 32       0.71      0.77      0.74        13
    Neuron 33       0.94      0.88      0.91        17
    Neuron 34       0.78      0.78      0.78        23
    Neuron 35       0.96      0.86      0.91        29
    Neuron 36       0.62      0.44      0.52        18
    Neuron 37       0.83      0.80      0.82        25
    Neuron 38       0.72      0.88      0.79        26
    Neuron 39       0.75      0.77      0.76        73
     Neuron 4       0.68      0.60      0.63        84
    Neuron 40       1.00      1.00      1.00        13
    Neuron 41       0.93      0.81      0.87        16
    Neuron 42       0.81      0.79      0.80       153
    Neuron 43       0.76      0.86      0.81        79
    Neuron 44       1.00      0.89      0.94        44
    Neuron 45       0.77      0.69      0.73        48
    Neuron 46       0.83      0.81      0.82       231
    Neuron 47       0.81      0.81      0.81        84
    Neuron 48       0.68      0.77      0.72        39
    Neuron 49       0.71      0.77      0.74        26
     Neuron 5       0.88      0.88      0.88        93
    Neuron 50       0.83      0.89      0.86        64
    Neuron 51       0.86      0.86      0.86       214
    Neuron 52       0.86      0.84      0.85        75
    Neuron 53       1.00      0.80      0.89        15
    Neuron 54       1.00      0.86      0.92         7
    Neuron 55       1.00      0.83      0.91        18
    Neuron 56       0.95      0.90      0.92        20
    Neuron 57       0.88      1.00      0.94        38
    Neuron 58       1.00      0.94      0.97        17
    Neuron 59       0.83      0.91      0.87        22
     Neuron 6       0.93      0.96      0.94       185
    Neuron 60       0.89      0.86      0.87       113
    Neuron 61       0.73      0.69      0.71        51
    Neuron 62       0.85      0.83      0.84       126
    Neuron 63       0.71      0.68      0.70        91
    Neuron 64       0.87      0.88      0.88       651
    Neuron 65       0.83      0.83      0.83       265
    Neuron 66       0.95      0.72      0.82        25
    Neuron 67       0.89      0.76      0.82        21
    Neuron 68       0.94      0.74      0.83        39
    Neuron 69       1.00      1.00      1.00        28
     Neuron 7       0.94      1.00      0.97        17
    Neuron 70       0.85      0.77      0.81        22
    Neuron 71       0.83      0.93      0.88        46
    Neuron 72       1.00      0.98      0.99        58
    Neuron 73       0.67      0.77      0.71        52
    Neuron 74       0.72      0.78      0.75        37
    Neuron 75       0.92      0.92      0.92      2497
    Neuron 76       0.75      0.72      0.73       242
    Neuron 77       0.64      0.67      0.65       218
    Neuron 78       0.83      0.86      0.84       809
     Neuron 8       0.90      0.93      0.91        28
    Neuron 80       0.88      0.94      0.91       666
    Neuron 81       0.57      0.52      0.55       326
    Neuron 82       0.66      0.69      0.67       157
    Neuron 83       0.73      0.69      0.71       107
    Neuron 84       0.85      0.70      0.77        50
    Neuron 85       0.93      0.95      0.94        43
    Neuron 86       0.87      0.88      0.88       427
    Neuron 87       0.80      0.86      0.83       128
    Neuron 88       0.85      0.86      0.86       365
    Neuron 89       0.72      0.67      0.69       226
     Neuron 9       0.93      0.70      0.80        37
    Neuron 90       0.86      0.87      0.87       926
    Neuron 91       0.77      0.81      0.79       246
    Neuron 92       0.84      0.77      0.81        62
    Neuron 93       0.72      0.72      0.72        29
    Neuron 94       0.89      0.92      0.91       181
    Neuron 95       0.84      0.77      0.80        87
    Neuron 96       0.93      0.93      0.93        98
    Neuron 97       0.98      1.00      0.99        65
    Neuron 98       0.91      0.92      0.92        53
    Neuron 99       0.65      0.80      0.72        30
 Non-neuron 1       0.96      0.89      0.93        57
Non-neuron 10       1.00      0.38      0.55         8
Non-neuron 11       0.59      0.45      0.51        22
 Non-neuron 2       0.76      0.70      0.73       107
 Non-neuron 3       0.92      0.94      0.93       460
 Non-neuron 4       0.00      0.00      0.00         1
 Non-neuron 6       0.90      0.79      0.84        24
 Non-neuron 7       0.56      0.36      0.43        14
 Non-neuron 8       0.83      0.83      0.83        75
 Non-neuron 9       0.92      0.92      0.92        13

     accuracy                           0.86     15307
    macro avg       0.84      0.81      0.82     15307
 weighted avg       0.86      0.86      0.85     15307

🔹 Confusion Matrix:
[[14,  0,  0, ...,  0,  0,  0],
 [ 0, 14,  0, ...,  0,  0,  0],
 [ 0,  0, 12, ...,  0,  0,  0],
 ...,
 [ 0,  0,  0, ...,  5,  5,  0],
 [ 0,  0,  0, ...,  2, 62,  0],
 [ 0,  0,  0, ...,  0,  0, 12]]
